Epoch_0:   269.01797
Epoch_50:   227.89835
Epoch_100:   182.32358
Epoch_150:   168.78064
Epoch_200:   160.15535
Epoch_250:   141.13075
Epoch_300:   131.2045
Epoch_350:   140.26918
Epoch_400:   126.40174
Epoch_450:   116.9921
Epoch_500:   108.447395
Epoch_550:   108.19764
Epoch_600:   112.243004
Epoch_650:   117.84639
Epoch_700:   103.39351
Epoch_750:   104.097534
