Epoch_0:   309.22998
Epoch_50:   243.57512
Epoch_100:   201.09766
Epoch_150:   179.72202
Epoch_200:   160.84091
Epoch_250:   158.3285
Epoch_300:   161.98692
Epoch_350:   162.98447
Epoch_400:   147.80505
Epoch_450:   136.12564
Epoch_500:   132.84003
Epoch_550:   133.81918
Epoch_600:   132.9612
Epoch_650:   126.173035
Epoch_700:   130.31067
Epoch_750:   124.45434
