Epoch_0:   310.44064
Epoch_5:   351.5292
Epoch_10:   264.72446
Epoch_15:   237.12274
Epoch_20:   232.09613
Epoch_25:   218.45555
Epoch_30:   209.77675
Epoch_35:   194.76962
Epoch_40:   190.70573
Epoch_45:   189.54976
Epoch_50:   185.09523
