Epoch_0:   377.0376
Epoch_50:   198.0098
Epoch_100:   156.19325
Epoch_150:   110.59738
Epoch_200:   115.323586
Epoch_250:   100.047165
Epoch_300:   96.893135
Epoch_350:   98.13977
Epoch_400:   89.97751
Epoch_450:   91.57645
Epoch_500:   93.17925
Epoch_550:   84.614204
