Epoch_0:   299.37115
Epoch_5:   336.35938
Epoch_10:   281.45132
Epoch_15:   236.82307
Epoch_20:   220.37178
Epoch_25:   208.02133
Epoch_30:   204.81792
Epoch_35:   189.12175
Epoch_40:   195.69626
Epoch_45:   195.56987
Epoch_50:   179.4502
