Epoch_0:   359.40042
Epoch_50:   168.11087
Epoch_100:   148.33565
Epoch_150:   118.649284
Epoch_200:   106.40917
Epoch_250:   103.180626
Epoch_300:   100.76955
Epoch_350:   91.02617
Epoch_400:   96.91835
Epoch_450:   81.667366
Epoch_500:   83.330864
Epoch_550:   84.644936
Epoch_600:   81.52782
Epoch_650:   73.64534
Epoch_700:   71.43687
Epoch_750:   73.08867
